250
1001 190 79
1002 417 697
1003 134 185
1008 432 85
1010 789 96
1011 180 256
1012 749 634
1015 873 207
1016 653 892
1017 603 461
1019 84 388
1021 71 384
1022 635 915
1025 163 930
1026 636 535
1027 527 783
1028 175 781
1029 464 695
1030 172 161
1031 835 324
1032 934 57
1033 424 673
1034 512 562
1039 999 731
1045 884 996
1046 363 398
1049 793 947
1051 824 273
1054 558 710
1056 68 943
1060 598 53
1061 366 879
1064 762 466
1065 104 143
1069 427 188
1070 866 238
1071 967 385
1076 285 291
1078 395 920
1090 624 445
1094 478 405
1100 403 573
1101 65 310
1105 657 904
1106 64 578
1107 660 659
1108 69 548
1109 818 717
1115 496 115
1122 806 86
1123 909 15
1124 518 158
1125 617 37
1126 941 280
1131 542 651
1132 117 407
1133 946 458
1134 585 957
1135 336 337
1137 437 66
1139 683 837
1142 686 631
1143 253 231
1144 173 774
1145 902 160
1149 40 901
1151 226 338
1152 510 882
1153 798 705
1155 587 492
1158 36 788
1162 237 426
1164 805 968
1165 981 737
1166 868 625
1167 234 622
1168 720 422
1170 368 897
1171 20 131
1174 568 262
1175 82 898
1177 709 382
1179 579 288
1180 501 95
1182 58 236
1183 157 945
1184 152 61
1187 700 67
1188 321 810
1189 169 979
1191 257 523
1194 752 676
1199 543 916
1201 487 760
1210 156 961
1212 633 330
1215 129 940
1216 832 609
1218 918 182
1222 418 105
1224 353 910
1226 528 857
1227 985 619
1228 191 984
1230 271 800
1231 47 476
1233 246 620
1236 269 670
1237 927 76
1239 988 698
1246 218 928
1247 449 765
1249 118 699
1250 666 137
1261 46 958
1262 685 589
1264 675 563
1265 980 454
1266 498 350
1268 758 977
1270 495 215
1271 119 102
1274 590 618
1276 171 715
1278 123 250
1280 52 198
1284 696 714
1289 949 223
1293 221 259
1294 365 290
1297 564 661
1299 995 224
1300 465 990
1301 834 833
1303 474 883
1304 59 841
1309 637 881
1312 759 919
1313 12 322
1315 248 165
1321 628 853
1324 601 88
1326 552 522
1331 952 419
1334 828 953
1337 703 630
1338 2 740
1339 195 545
1341 410 600
1343 263 335
1344 214 721
1347 306 965
1349 206 386
1353 572 343
1360 773 72
1362 689 151
1370 355 490
1373 307 168
1380 494 124
1383 973 932
1392 484 200
1393 394 577
1396 632 816
1400 664 547
1401 862 390
1405 608 847
1406 414 529
1408 858 295
1409 825 662
1410 128 428
1412 0 447
1415 116 130
1422 876 599
1423 838 716
1425 469 911
1427 18 97
1435 912 54
1440 44 750
1443 544 607
1444 782 147
1446 974 903
1448 359 817
1449 668 684
1455 455 6
1456 894 871
1460 583 459
1464 701 595
1465 55 814
1467 399 982
1468 99 264
1469 138 383
1470 266 114
1473 872 31
1474 582 581
1475 32 413
1478 146 525
1479 297 840
1480 26 443
1482 438 580
1484 511 517
1488 376 711
1492 452 726
1493 243 126
1497 481 794
1508 665 30
1509 769 770
1510 345 133
1512 270 956
1513 937 751
1515 521 753
1516 674 373
1518 434 150
1519 10 371
1521 375 475
1526 744 252
1527 199 503
1533 49 93
1534 144 331
1535 929 80
1536 242 891
1538 244 846
1540 372 534
1541 289 681
1542 27 801
1544 227 795
1545 960 808
1546 101 327
1548 813 643
1551 513 304
1554 566 204
1565 571 91
1566 401 612
1567 856 318
1569 586 797
1572 470 444
1575 415 885
1582 796 524
1583 155 991
1587 409 763
1588 537 471
1591 392 735
1592 341 153
1594 339 861
1596 482 51
1609 8 993
1618 162 402
1619 553 344
1620 108 615
1621 408 94
1622 249 183
