750
190 79
366 879
484 200
787
387
136
650
110
465 990
62
127
997
243 126
410 600
677
8 993
952 419
701 595
90
859
632 816
666 137
438 580
906
683 837
658
929 80
292
495 215
375 475
452 726
985 619
49 93
696 714
918 182
550
489
723
431
790
728
222
944
592
862 390
260
678
59 841
866 238
138 383
175 781
113
186
7
367
234 622
937 751
48
226 338
363 398
311
941 280
289 681
757
263 335
302
852
469 911
435
972
457
365 290
820
786
199 503
511 517
779
601 88
905
206 386
687
571 91
87
56
440
923
528 857
576
317
635 915
29
602
332
542 651
355 490
376 711
339 861
520
610
815
218 928
433
353 910
978
902 160
213
644
287
10 371
329
345 133
660 659
970
543 916
613
960 808
860
642
617 37
555
842
954
169 979
946 458
908
368 897
437 66
663
47 476
501 95
436
412
98
106
616
579 288
372 534
65 310
255
453
129 940
583 459
564 661
194
103
50
536
745
995 224
211
359 817
546
893
314
830
36 788
608 847
496 115
246 620
798 705
604
510 882
157 945
394 577
145
633 330
9
75
693
703 630
2 740
700 67
17
727
594
274
163 930
873 207
586 797
675 563
584
427 188
99 264
637 881
585 957
20 131
149
374
521 753
718
931
230
253 231
416
69 548
736
554
694
351
347
806 86
707
834 833
473
408 94
987
778
242 891
767
13
590 618
249 183
713
369
277
925
456
294
40 901
722
973 932
864
32 413
730
869
424 673
307 168
839
171 715
485
286
720 422
417 697
606
196
880
116 130
92
401 612
270 956
627
544 607
603 461
28
994
450
508
22
225
392 735
477
203
214 721
712
187
303
593
148
805 968
924
58 236
152 61
68 943
119 102
657 904
975
101 327
597
845
741
155 991
758 977
166
229
629
197
217
752 676
532
254
895
240
420
409 763
654
872 31
341 153
773 72
829
582 581
557
84 388
276
907
478 405
333
41
170
913
241
464 695
513 304
747
812
900
233
835 324
55 814
399 982
191 984
237 426
357
955
434 150
220
25
588
415 885
184
11
340
403 573
362
141
671
247
568 262
239
118 699
552 522
821
756
261
180 256
221 259
926
19
269 670
83
665 30
46 958
746
682
128 428
44 750
804
272
309
553 344
472
725
628 853
313
899
60
108 615
232
749 634
27 801
193
301
527 783
734
648
479
531
887
813 643
799
425
785
122
26 443
686 631
828 953
336 337
70
248 165
268
572 343
974 903
623
235
865
209
389
352
708
759 919
858 295
159
370
455 6
283
838 716
470 444
328
498 350
624 445
912 54
567
297 840
123 250
992
709 382
680
4
516
818 717
349
777
963
282
876 599
500
646
679
824 273
936
560
325
364
393
381
162 402
761
802
488
497
674 373
139
140
23
640
742
210
219
172 161
361
744 252
305
981 737
460
889
89
556
989
685 589
142
933
418 105
423
487 760
400
664 547
971
611
540
377
922
533
832 609
868 625
358
146 525
512 562
598 53
825 662
566 204
811
755
791
397
950
784
796 524
519
379
117 407
321 810
921
3
0 447
768
789 96
587 492
502
964
776
724
638
780
144 331
441
649
494 124
762 466
208
769 770
156 961
998
558 710
216
111
702
848
12 322
626
205
754
430
462
125
395 920
38
551
636 535
672
733
986
396
52 198
109
24
281
653 892
319
856 318
614
951
201
849
863
605
792
177
983
414 529
482 51
21
227 795
320
486
285 291
561
509
334
480
764
271 800
867
739
380
245
451
999 731
772
449 765
962
596
691
104 143
14
421
404
78
432 85
831
884 996
896
570
743
499
342
894 871
446
647
877
228
538
855
541
645
467
296
278
927 76
411
491
942
732
914
539
803
819
886
729
844
967 385
641
793 947
507
244 846
173 774
112
807
202
468
574
719
771
667
312
463
251
71 384
356
266 114
878
690
195 545
258
688
107
348
73
212
134 185
656
939
988 698
565
189
391
980 454
82 898
782 147
949 223
81
481 794
934 57
969
537 471
265
100
826
378
39
34
192
299
1
959
526
775
827
514
668 684
493
120
176
591
474 883
689 151
559
854
179
704
174
18 97
360
518 158
326
429
64 578
917
74
639
706
652
850
890
35
315
506
43
909 15
836
77
306 965
575
275
354
439
300
279
515
178
316
284
669
42
406
257 523
267
692
874
875
966
843
888
154
483
935
164
504
976
530
621
181
121
5
948
823
63
748
549
323
135
16
167
298
45
308
738
870
442
505
851
293
938
766
132
569
655
346
809
822
448
33
